{
 "cells": [
  {
   "cell_type": "code",
   "execution_count": 2,
   "metadata": {},
   "outputs": [],
   "source": [
    "import pandas as pd"
   ]
  },
  {
   "cell_type": "code",
   "execution_count": 3,
   "metadata": {},
   "outputs": [],
   "source": [
    "gbr = pd.read_csv('gbr.csv', header = None)\n",
    "gbr.drop_duplicates(inplace=True)"
   ]
  },
  {
   "cell_type": "code",
   "execution_count": 4,
   "metadata": {},
   "outputs": [
    {
     "data": {
      "text/html": [
       "<div>\n",
       "<style scoped>\n",
       "    .dataframe tbody tr th:only-of-type {\n",
       "        vertical-align: middle;\n",
       "    }\n",
       "\n",
       "    .dataframe tbody tr th {\n",
       "        vertical-align: top;\n",
       "    }\n",
       "\n",
       "    .dataframe thead th {\n",
       "        text-align: right;\n",
       "    }\n",
       "</style>\n",
       "<table border=\"1\" class=\"dataframe\">\n",
       "  <thead>\n",
       "    <tr style=\"text-align: right;\">\n",
       "      <th></th>\n",
       "      <th>0</th>\n",
       "      <th>1</th>\n",
       "      <th>2</th>\n",
       "      <th>3</th>\n",
       "      <th>4</th>\n",
       "      <th>5</th>\n",
       "      <th>6</th>\n",
       "    </tr>\n",
       "  </thead>\n",
       "  <tbody>\n",
       "    <tr>\n",
       "      <th>1</th>\n",
       "      <td>val_lr_0.1_n_100_d_3</td>\n",
       "      <td>638.83</td>\n",
       "      <td>662.74</td>\n",
       "      <td>588.76</td>\n",
       "      <td>555.95</td>\n",
       "      <td>522.82</td>\n",
       "      <td>593.82</td>\n",
       "    </tr>\n",
       "    <tr>\n",
       "      <th>3</th>\n",
       "      <td>val_lr_0.1_n_100_d_4</td>\n",
       "      <td>638.55</td>\n",
       "      <td>663.69</td>\n",
       "      <td>589.45</td>\n",
       "      <td>559.71</td>\n",
       "      <td>523.24</td>\n",
       "      <td>594.93</td>\n",
       "    </tr>\n",
       "    <tr>\n",
       "      <th>5</th>\n",
       "      <td>val_lr_0.1_n_100_d_5</td>\n",
       "      <td>637.49</td>\n",
       "      <td>663.34</td>\n",
       "      <td>596.80</td>\n",
       "      <td>563.95</td>\n",
       "      <td>527.71</td>\n",
       "      <td>597.86</td>\n",
       "    </tr>\n",
       "    <tr>\n",
       "      <th>7</th>\n",
       "      <td>val_lr_0.1_n_200_d_3</td>\n",
       "      <td>635.07</td>\n",
       "      <td>661.77</td>\n",
       "      <td>591.72</td>\n",
       "      <td>558.68</td>\n",
       "      <td>522.49</td>\n",
       "      <td>593.95</td>\n",
       "    </tr>\n",
       "    <tr>\n",
       "      <th>9</th>\n",
       "      <td>val_lr_0.1_n_200_d_4</td>\n",
       "      <td>636.18</td>\n",
       "      <td>665.38</td>\n",
       "      <td>600.08</td>\n",
       "      <td>565.96</td>\n",
       "      <td>529.37</td>\n",
       "      <td>599.39</td>\n",
       "    </tr>\n",
       "    <tr>\n",
       "      <th>11</th>\n",
       "      <td>val_lr_0.1_n_200_d_5</td>\n",
       "      <td>639.47</td>\n",
       "      <td>668.61</td>\n",
       "      <td>604.94</td>\n",
       "      <td>572.28</td>\n",
       "      <td>536.44</td>\n",
       "      <td>604.35</td>\n",
       "    </tr>\n",
       "    <tr>\n",
       "      <th>13</th>\n",
       "      <td>val_lr_0.1_n_400_d_3</td>\n",
       "      <td>631.41</td>\n",
       "      <td>665.06</td>\n",
       "      <td>599.46</td>\n",
       "      <td>562.87</td>\n",
       "      <td>527.68</td>\n",
       "      <td>597.30</td>\n",
       "    </tr>\n",
       "    <tr>\n",
       "      <th>15</th>\n",
       "      <td>val_lr_0.1_n_400_d_4</td>\n",
       "      <td>640.79</td>\n",
       "      <td>670.05</td>\n",
       "      <td>607.39</td>\n",
       "      <td>579.13</td>\n",
       "      <td>533.10</td>\n",
       "      <td>606.09</td>\n",
       "    </tr>\n",
       "    <tr>\n",
       "      <th>17</th>\n",
       "      <td>val_lr_0.1_n_400_d_5</td>\n",
       "      <td>645.21</td>\n",
       "      <td>677.13</td>\n",
       "      <td>623.10</td>\n",
       "      <td>592.47</td>\n",
       "      <td>548.15</td>\n",
       "      <td>617.21</td>\n",
       "    </tr>\n",
       "    <tr>\n",
       "      <th>19</th>\n",
       "      <td>val_lr_0.05_n_100_d_3</td>\n",
       "      <td>642.55</td>\n",
       "      <td>666.98</td>\n",
       "      <td>591.44</td>\n",
       "      <td>559.39</td>\n",
       "      <td>526.02</td>\n",
       "      <td>597.28</td>\n",
       "    </tr>\n",
       "    <tr>\n",
       "      <th>21</th>\n",
       "      <td>val_lr_0.05_n_100_d_4</td>\n",
       "      <td>640.79</td>\n",
       "      <td>665.19</td>\n",
       "      <td>588.47</td>\n",
       "      <td>558.59</td>\n",
       "      <td>524.34</td>\n",
       "      <td>595.48</td>\n",
       "    </tr>\n",
       "    <tr>\n",
       "      <th>23</th>\n",
       "      <td>val_lr_0.05_n_100_d_5</td>\n",
       "      <td>640.39</td>\n",
       "      <td>666.68</td>\n",
       "      <td>588.68</td>\n",
       "      <td>558.55</td>\n",
       "      <td>522.88</td>\n",
       "      <td>595.44</td>\n",
       "    </tr>\n",
       "    <tr>\n",
       "      <th>25</th>\n",
       "      <td>val_lr_0.05_n_200_d_3</td>\n",
       "      <td>635.79</td>\n",
       "      <td>663.04</td>\n",
       "      <td>589.22</td>\n",
       "      <td>556.27</td>\n",
       "      <td>523.75</td>\n",
       "      <td>593.61</td>\n",
       "    </tr>\n",
       "    <tr>\n",
       "      <th>27</th>\n",
       "      <td>val_lr_0.05_n_200_d_4</td>\n",
       "      <td>637.64</td>\n",
       "      <td>663.33</td>\n",
       "      <td>588.80</td>\n",
       "      <td>561.09</td>\n",
       "      <td>523.35</td>\n",
       "      <td>594.84</td>\n",
       "    </tr>\n",
       "    <tr>\n",
       "      <th>41</th>\n",
       "      <td>val_lr_0.2_n_100_d_3</td>\n",
       "      <td>636.21</td>\n",
       "      <td>662.55</td>\n",
       "      <td>596.95</td>\n",
       "      <td>561.80</td>\n",
       "      <td>524.02</td>\n",
       "      <td>596.31</td>\n",
       "    </tr>\n",
       "    <tr>\n",
       "      <th>43</th>\n",
       "      <td>val_lr_0.2_n_100_d_4</td>\n",
       "      <td>642.40</td>\n",
       "      <td>672.15</td>\n",
       "      <td>597.99</td>\n",
       "      <td>568.75</td>\n",
       "      <td>530.07</td>\n",
       "      <td>602.27</td>\n",
       "    </tr>\n",
       "    <tr>\n",
       "      <th>45</th>\n",
       "      <td>val_lr_0.2_n_100_d_5</td>\n",
       "      <td>640.83</td>\n",
       "      <td>671.77</td>\n",
       "      <td>614.58</td>\n",
       "      <td>582.16</td>\n",
       "      <td>539.23</td>\n",
       "      <td>609.71</td>\n",
       "    </tr>\n",
       "    <tr>\n",
       "      <th>47</th>\n",
       "      <td>val_lr_0.2_n_200_d_3</td>\n",
       "      <td>634.73</td>\n",
       "      <td>665.37</td>\n",
       "      <td>596.81</td>\n",
       "      <td>567.51</td>\n",
       "      <td>534.00</td>\n",
       "      <td>599.68</td>\n",
       "    </tr>\n",
       "    <tr>\n",
       "      <th>49</th>\n",
       "      <td>val_lr_0.2_n_200_d_4</td>\n",
       "      <td>644.79</td>\n",
       "      <td>680.78</td>\n",
       "      <td>612.62</td>\n",
       "      <td>579.29</td>\n",
       "      <td>536.70</td>\n",
       "      <td>610.84</td>\n",
       "    </tr>\n",
       "    <tr>\n",
       "      <th>51</th>\n",
       "      <td>val_lr_0.2_n_200_d_5</td>\n",
       "      <td>649.97</td>\n",
       "      <td>685.64</td>\n",
       "      <td>622.47</td>\n",
       "      <td>593.91</td>\n",
       "      <td>553.13</td>\n",
       "      <td>621.02</td>\n",
       "    </tr>\n",
       "    <tr>\n",
       "      <th>63</th>\n",
       "      <td>val_lr_0.05_n_200_d_5</td>\n",
       "      <td>638.66</td>\n",
       "      <td>665.71</td>\n",
       "      <td>592.29</td>\n",
       "      <td>563.59</td>\n",
       "      <td>524.65</td>\n",
       "      <td>596.98</td>\n",
       "    </tr>\n",
       "  </tbody>\n",
       "</table>\n",
       "</div>"
      ],
      "text/plain": [
       "                        0       1       2       3       4       5       6\n",
       "1    val_lr_0.1_n_100_d_3  638.83  662.74  588.76  555.95  522.82  593.82\n",
       "3    val_lr_0.1_n_100_d_4  638.55  663.69  589.45  559.71  523.24  594.93\n",
       "5    val_lr_0.1_n_100_d_5  637.49  663.34  596.80  563.95  527.71  597.86\n",
       "7    val_lr_0.1_n_200_d_3  635.07  661.77  591.72  558.68  522.49  593.95\n",
       "9    val_lr_0.1_n_200_d_4  636.18  665.38  600.08  565.96  529.37  599.39\n",
       "11   val_lr_0.1_n_200_d_5  639.47  668.61  604.94  572.28  536.44  604.35\n",
       "13   val_lr_0.1_n_400_d_3  631.41  665.06  599.46  562.87  527.68  597.30\n",
       "15   val_lr_0.1_n_400_d_4  640.79  670.05  607.39  579.13  533.10  606.09\n",
       "17   val_lr_0.1_n_400_d_5  645.21  677.13  623.10  592.47  548.15  617.21\n",
       "19  val_lr_0.05_n_100_d_3  642.55  666.98  591.44  559.39  526.02  597.28\n",
       "21  val_lr_0.05_n_100_d_4  640.79  665.19  588.47  558.59  524.34  595.48\n",
       "23  val_lr_0.05_n_100_d_5  640.39  666.68  588.68  558.55  522.88  595.44\n",
       "25  val_lr_0.05_n_200_d_3  635.79  663.04  589.22  556.27  523.75  593.61\n",
       "27  val_lr_0.05_n_200_d_4  637.64  663.33  588.80  561.09  523.35  594.84\n",
       "41   val_lr_0.2_n_100_d_3  636.21  662.55  596.95  561.80  524.02  596.31\n",
       "43   val_lr_0.2_n_100_d_4  642.40  672.15  597.99  568.75  530.07  602.27\n",
       "45   val_lr_0.2_n_100_d_5  640.83  671.77  614.58  582.16  539.23  609.71\n",
       "47   val_lr_0.2_n_200_d_3  634.73  665.37  596.81  567.51  534.00  599.68\n",
       "49   val_lr_0.2_n_200_d_4  644.79  680.78  612.62  579.29  536.70  610.84\n",
       "51   val_lr_0.2_n_200_d_5  649.97  685.64  622.47  593.91  553.13  621.02\n",
       "63  val_lr_0.05_n_200_d_5  638.66  665.71  592.29  563.59  524.65  596.98"
      ]
     },
     "execution_count": 4,
     "metadata": {},
     "output_type": "execute_result"
    }
   ],
   "source": [
    "gbr_val = gbr.iloc[1::2,:]\n",
    "gbr_val"
   ]
  },
  {
   "cell_type": "code",
   "execution_count": 5,
   "metadata": {},
   "outputs": [
    {
     "data": {
      "text/html": [
       "<div>\n",
       "<style scoped>\n",
       "    .dataframe tbody tr th:only-of-type {\n",
       "        vertical-align: middle;\n",
       "    }\n",
       "\n",
       "    .dataframe tbody tr th {\n",
       "        vertical-align: top;\n",
       "    }\n",
       "\n",
       "    .dataframe thead th {\n",
       "        text-align: right;\n",
       "    }\n",
       "</style>\n",
       "<table border=\"1\" class=\"dataframe\">\n",
       "  <thead>\n",
       "    <tr style=\"text-align: right;\">\n",
       "      <th></th>\n",
       "      <th>0</th>\n",
       "      <th>1</th>\n",
       "      <th>2</th>\n",
       "      <th>3</th>\n",
       "      <th>4</th>\n",
       "      <th>5</th>\n",
       "      <th>6</th>\n",
       "    </tr>\n",
       "  </thead>\n",
       "  <tbody>\n",
       "    <tr>\n",
       "      <th>25</th>\n",
       "      <td>val_lr_0.05_n_200_d_3</td>\n",
       "      <td>635.79</td>\n",
       "      <td>663.04</td>\n",
       "      <td>589.22</td>\n",
       "      <td>556.27</td>\n",
       "      <td>523.75</td>\n",
       "      <td>593.61</td>\n",
       "    </tr>\n",
       "    <tr>\n",
       "      <th>1</th>\n",
       "      <td>val_lr_0.1_n_100_d_3</td>\n",
       "      <td>638.83</td>\n",
       "      <td>662.74</td>\n",
       "      <td>588.76</td>\n",
       "      <td>555.95</td>\n",
       "      <td>522.82</td>\n",
       "      <td>593.82</td>\n",
       "    </tr>\n",
       "    <tr>\n",
       "      <th>7</th>\n",
       "      <td>val_lr_0.1_n_200_d_3</td>\n",
       "      <td>635.07</td>\n",
       "      <td>661.77</td>\n",
       "      <td>591.72</td>\n",
       "      <td>558.68</td>\n",
       "      <td>522.49</td>\n",
       "      <td>593.95</td>\n",
       "    </tr>\n",
       "    <tr>\n",
       "      <th>27</th>\n",
       "      <td>val_lr_0.05_n_200_d_4</td>\n",
       "      <td>637.64</td>\n",
       "      <td>663.33</td>\n",
       "      <td>588.80</td>\n",
       "      <td>561.09</td>\n",
       "      <td>523.35</td>\n",
       "      <td>594.84</td>\n",
       "    </tr>\n",
       "    <tr>\n",
       "      <th>3</th>\n",
       "      <td>val_lr_0.1_n_100_d_4</td>\n",
       "      <td>638.55</td>\n",
       "      <td>663.69</td>\n",
       "      <td>589.45</td>\n",
       "      <td>559.71</td>\n",
       "      <td>523.24</td>\n",
       "      <td>594.93</td>\n",
       "    </tr>\n",
       "    <tr>\n",
       "      <th>23</th>\n",
       "      <td>val_lr_0.05_n_100_d_5</td>\n",
       "      <td>640.39</td>\n",
       "      <td>666.68</td>\n",
       "      <td>588.68</td>\n",
       "      <td>558.55</td>\n",
       "      <td>522.88</td>\n",
       "      <td>595.44</td>\n",
       "    </tr>\n",
       "    <tr>\n",
       "      <th>21</th>\n",
       "      <td>val_lr_0.05_n_100_d_4</td>\n",
       "      <td>640.79</td>\n",
       "      <td>665.19</td>\n",
       "      <td>588.47</td>\n",
       "      <td>558.59</td>\n",
       "      <td>524.34</td>\n",
       "      <td>595.48</td>\n",
       "    </tr>\n",
       "    <tr>\n",
       "      <th>41</th>\n",
       "      <td>val_lr_0.2_n_100_d_3</td>\n",
       "      <td>636.21</td>\n",
       "      <td>662.55</td>\n",
       "      <td>596.95</td>\n",
       "      <td>561.80</td>\n",
       "      <td>524.02</td>\n",
       "      <td>596.31</td>\n",
       "    </tr>\n",
       "    <tr>\n",
       "      <th>63</th>\n",
       "      <td>val_lr_0.05_n_200_d_5</td>\n",
       "      <td>638.66</td>\n",
       "      <td>665.71</td>\n",
       "      <td>592.29</td>\n",
       "      <td>563.59</td>\n",
       "      <td>524.65</td>\n",
       "      <td>596.98</td>\n",
       "    </tr>\n",
       "    <tr>\n",
       "      <th>19</th>\n",
       "      <td>val_lr_0.05_n_100_d_3</td>\n",
       "      <td>642.55</td>\n",
       "      <td>666.98</td>\n",
       "      <td>591.44</td>\n",
       "      <td>559.39</td>\n",
       "      <td>526.02</td>\n",
       "      <td>597.28</td>\n",
       "    </tr>\n",
       "    <tr>\n",
       "      <th>13</th>\n",
       "      <td>val_lr_0.1_n_400_d_3</td>\n",
       "      <td>631.41</td>\n",
       "      <td>665.06</td>\n",
       "      <td>599.46</td>\n",
       "      <td>562.87</td>\n",
       "      <td>527.68</td>\n",
       "      <td>597.30</td>\n",
       "    </tr>\n",
       "    <tr>\n",
       "      <th>5</th>\n",
       "      <td>val_lr_0.1_n_100_d_5</td>\n",
       "      <td>637.49</td>\n",
       "      <td>663.34</td>\n",
       "      <td>596.80</td>\n",
       "      <td>563.95</td>\n",
       "      <td>527.71</td>\n",
       "      <td>597.86</td>\n",
       "    </tr>\n",
       "    <tr>\n",
       "      <th>9</th>\n",
       "      <td>val_lr_0.1_n_200_d_4</td>\n",
       "      <td>636.18</td>\n",
       "      <td>665.38</td>\n",
       "      <td>600.08</td>\n",
       "      <td>565.96</td>\n",
       "      <td>529.37</td>\n",
       "      <td>599.39</td>\n",
       "    </tr>\n",
       "    <tr>\n",
       "      <th>47</th>\n",
       "      <td>val_lr_0.2_n_200_d_3</td>\n",
       "      <td>634.73</td>\n",
       "      <td>665.37</td>\n",
       "      <td>596.81</td>\n",
       "      <td>567.51</td>\n",
       "      <td>534.00</td>\n",
       "      <td>599.68</td>\n",
       "    </tr>\n",
       "    <tr>\n",
       "      <th>43</th>\n",
       "      <td>val_lr_0.2_n_100_d_4</td>\n",
       "      <td>642.40</td>\n",
       "      <td>672.15</td>\n",
       "      <td>597.99</td>\n",
       "      <td>568.75</td>\n",
       "      <td>530.07</td>\n",
       "      <td>602.27</td>\n",
       "    </tr>\n",
       "    <tr>\n",
       "      <th>11</th>\n",
       "      <td>val_lr_0.1_n_200_d_5</td>\n",
       "      <td>639.47</td>\n",
       "      <td>668.61</td>\n",
       "      <td>604.94</td>\n",
       "      <td>572.28</td>\n",
       "      <td>536.44</td>\n",
       "      <td>604.35</td>\n",
       "    </tr>\n",
       "    <tr>\n",
       "      <th>15</th>\n",
       "      <td>val_lr_0.1_n_400_d_4</td>\n",
       "      <td>640.79</td>\n",
       "      <td>670.05</td>\n",
       "      <td>607.39</td>\n",
       "      <td>579.13</td>\n",
       "      <td>533.10</td>\n",
       "      <td>606.09</td>\n",
       "    </tr>\n",
       "    <tr>\n",
       "      <th>45</th>\n",
       "      <td>val_lr_0.2_n_100_d_5</td>\n",
       "      <td>640.83</td>\n",
       "      <td>671.77</td>\n",
       "      <td>614.58</td>\n",
       "      <td>582.16</td>\n",
       "      <td>539.23</td>\n",
       "      <td>609.71</td>\n",
       "    </tr>\n",
       "    <tr>\n",
       "      <th>49</th>\n",
       "      <td>val_lr_0.2_n_200_d_4</td>\n",
       "      <td>644.79</td>\n",
       "      <td>680.78</td>\n",
       "      <td>612.62</td>\n",
       "      <td>579.29</td>\n",
       "      <td>536.70</td>\n",
       "      <td>610.84</td>\n",
       "    </tr>\n",
       "    <tr>\n",
       "      <th>17</th>\n",
       "      <td>val_lr_0.1_n_400_d_5</td>\n",
       "      <td>645.21</td>\n",
       "      <td>677.13</td>\n",
       "      <td>623.10</td>\n",
       "      <td>592.47</td>\n",
       "      <td>548.15</td>\n",
       "      <td>617.21</td>\n",
       "    </tr>\n",
       "    <tr>\n",
       "      <th>51</th>\n",
       "      <td>val_lr_0.2_n_200_d_5</td>\n",
       "      <td>649.97</td>\n",
       "      <td>685.64</td>\n",
       "      <td>622.47</td>\n",
       "      <td>593.91</td>\n",
       "      <td>553.13</td>\n",
       "      <td>621.02</td>\n",
       "    </tr>\n",
       "  </tbody>\n",
       "</table>\n",
       "</div>"
      ],
      "text/plain": [
       "                        0       1       2       3       4       5       6\n",
       "25  val_lr_0.05_n_200_d_3  635.79  663.04  589.22  556.27  523.75  593.61\n",
       "1    val_lr_0.1_n_100_d_3  638.83  662.74  588.76  555.95  522.82  593.82\n",
       "7    val_lr_0.1_n_200_d_3  635.07  661.77  591.72  558.68  522.49  593.95\n",
       "27  val_lr_0.05_n_200_d_4  637.64  663.33  588.80  561.09  523.35  594.84\n",
       "3    val_lr_0.1_n_100_d_4  638.55  663.69  589.45  559.71  523.24  594.93\n",
       "23  val_lr_0.05_n_100_d_5  640.39  666.68  588.68  558.55  522.88  595.44\n",
       "21  val_lr_0.05_n_100_d_4  640.79  665.19  588.47  558.59  524.34  595.48\n",
       "41   val_lr_0.2_n_100_d_3  636.21  662.55  596.95  561.80  524.02  596.31\n",
       "63  val_lr_0.05_n_200_d_5  638.66  665.71  592.29  563.59  524.65  596.98\n",
       "19  val_lr_0.05_n_100_d_3  642.55  666.98  591.44  559.39  526.02  597.28\n",
       "13   val_lr_0.1_n_400_d_3  631.41  665.06  599.46  562.87  527.68  597.30\n",
       "5    val_lr_0.1_n_100_d_5  637.49  663.34  596.80  563.95  527.71  597.86\n",
       "9    val_lr_0.1_n_200_d_4  636.18  665.38  600.08  565.96  529.37  599.39\n",
       "47   val_lr_0.2_n_200_d_3  634.73  665.37  596.81  567.51  534.00  599.68\n",
       "43   val_lr_0.2_n_100_d_4  642.40  672.15  597.99  568.75  530.07  602.27\n",
       "11   val_lr_0.1_n_200_d_5  639.47  668.61  604.94  572.28  536.44  604.35\n",
       "15   val_lr_0.1_n_400_d_4  640.79  670.05  607.39  579.13  533.10  606.09\n",
       "45   val_lr_0.2_n_100_d_5  640.83  671.77  614.58  582.16  539.23  609.71\n",
       "49   val_lr_0.2_n_200_d_4  644.79  680.78  612.62  579.29  536.70  610.84\n",
       "17   val_lr_0.1_n_400_d_5  645.21  677.13  623.10  592.47  548.15  617.21\n",
       "51   val_lr_0.2_n_200_d_5  649.97  685.64  622.47  593.91  553.13  621.02"
      ]
     },
     "execution_count": 5,
     "metadata": {},
     "output_type": "execute_result"
    }
   ],
   "source": [
    "gbr_val.sort_values(by=6, ascending=True)"
   ]
  },
  {
   "cell_type": "code",
   "execution_count": 13,
   "metadata": {},
   "outputs": [
    {
     "data": {
      "text/plain": [
       "(0    train_lr_0.1_n_100_d_4\n",
       " 1                    544.71\n",
       " 2                    539.03\n",
       " 3                    552.52\n",
       " 4                    559.04\n",
       " 5                    570.02\n",
       " 6                    553.06\n",
       " Name: 2, dtype: object,\n",
       " 0    train_lr_0.05_n_200_d_4\n",
       " 1                      545.3\n",
       " 2                     537.99\n",
       " 3                     557.84\n",
       " 4                      560.1\n",
       " 5                     568.47\n",
       " 6                     553.94\n",
       " Name: 26, dtype: object)"
      ]
     },
     "execution_count": 13,
     "metadata": {},
     "output_type": "execute_result"
    }
   ],
   "source": [
    "gbr.iloc[2], gbr.iloc[26], "
   ]
  },
  {
   "cell_type": "markdown",
   "metadata": {},
   "source": [
    "### 약간 overfit이 좋음"
   ]
  },
  {
   "cell_type": "code",
   "execution_count": null,
   "metadata": {},
   "outputs": [],
   "source": []
  }
 ],
 "metadata": {
  "kernelspec": {
   "display_name": "torch",
   "language": "python",
   "name": "python3"
  },
  "language_info": {
   "codemirror_mode": {
    "name": "ipython",
    "version": 3
   },
   "file_extension": ".py",
   "mimetype": "text/x-python",
   "name": "python",
   "nbconvert_exporter": "python",
   "pygments_lexer": "ipython3",
   "version": "3.9.18"
  }
 },
 "nbformat": 4,
 "nbformat_minor": 2
}
